<DATE>	<OPEN>	<HIGH>	<LOW>	<CLOSE>	<TICKVOL>	<VOL>	<SPREAD>
2025.01.01	95301.13	95356.21	95019.24	95081.09	86281	0	30
2025.01.02	95081.11	95090.87	94594.49	94957.17	86400	0	30
2025.01.03	94957.19	95071.37	94648.11	94991.45	86400	0	30
2025.01.04	94991.47	95187.60	94820.71	95103.33	86401	0	30
2025.01.05	95103.35	95712.99	95095.15	95639.44	86219	0	30
2025.01.06	95639.46	95815.82	95577.27	95733.93	86278	0	30
2025.01.07	95733.95	95790.13	95363.19	95376.33	86401	0	30
2025.01.08	95376.35	95800.53	95321.61	95703.21	86400	0	30
2025.01.09	95703.23	95959.60	95636.98	95924.80	86400	0	30
2025.01.10	95924.82	95944.81	95655.43	95787.77	86401	0	30
2025.01.11	95787.79	95944.12	95627.90	95879.50	86400	0	30
2025.01.12	95879.52	95959.04	95742.48	95754.60	86192	0	30
2025.01.13	95754.62	96067.87	95692.85	96067.87	86396	0	30
2025.01.14	96067.89	96174.36	95878.91	95892.51	86401	0	30
2025.01.15	95892.53	96467.86	95877.33	96467.86	86378	0	30
2025.01.16	96467.88	96564.43	96247.38	96294.04	86400	0	30
2025.01.17	96294.06	96311.22	95891.47	96069.99	86401	0	30
2025.01.18	96070.01	96114.20	95898.74	96114.20	86376	0	30
2025.01.19	96114.22	96262.83	95635.85	95702.08	86337	0	30
2025.01.20	95702.10	95959.58	95625.92	95959.58	86278	0	30
2025.01.21	95959.60	96139.03	95872.46	95999.55	86401	0	30
2025.01.22	95999.57	96011.52	95811.05	95948.34	86400	0	30
2025.01.23	95948.36	96332.05	95867.90	96332.05	86400	0	30
2025.01.24	96332.07	96460.88	96201.46	96215.63	86401	0	30
2025.01.25	96215.65	96274.53	96034.77	96233.71	86382	0	30
2025.01.26	96233.73	96489.55	96218.26	96415.96	86336	0	30
2025.01.27	96415.98	96618.60	96382.35	96505.92	86235	0	30
2025.01.28	96505.94	96551.88	96308.03	96424.63	86297	0	30
2025.01.29	96424.65	96671.86	96422.63	96457.87	86400	0	30
2025.01.30	96457.89	96635.45	96401.86	96603.54	86400	0	30
2025.01.31	96603.56	96670.92	96244.61	96321.54	86401	0	30
2025.02.01	96321.56	96555.97	96294.92	96408.31	85766	0	30
2025.02.02	96408.33	96703.01	96229.18	96301.38	86336	0	30
2025.02.03	96301.40	96313.74	95993.81	96187.32	86400	0	30
2025.02.04	96187.34	96212.40	95911.63	95999.92	86401	0	30
2025.02.05	95999.94	96070.08	95624.40	95627.52	86400	0	30
2025.02.06	95627.54	95844.07	95607.12	95755.88	86400	0	30
2025.02.07	95755.90	95867.39	95577.48	95768.77	86400	0	30
2025.02.08	95768.79	95928.63	95704.08	95780.06	86401	0	30
2025.02.09	95780.08	96162.92	95758.92	96126.96	86209	0	30
2025.02.10	96126.98	96275.09	95720.75	95756.49	86401	0	30
2025.02.11	95756.51	95887.96	95558.67	95787.78	86400	0	30
2025.02.12	95787.80	96114.79	95787.80	95860.43	86400	0	30
2025.02.13	95860.45	95928.31	95480.40	95586.54	86400	0	30
2025.02.14	95586.56	95688.87	95428.59	95581.34	86401	0	30
2025.02.15	95581.36	95616.52	95127.59	95312.12	86400	0	30
2025.02.16	95312.14	95313.78	95090.78	95183.98	86259	0	30
2025.02.17	95184.00	95318.72	95094.52	95251.14	86400	0	30
2025.02.18	95251.16	95488.26	95189.97	95400.87	86401	0	30
2025.02.19	95400.89	95538.07	95314.62	95426.41	86336	0	30
2025.02.20	95426.43	95487.15	95162.51	95388.05	86260	0	30
2025.02.21	95388.07	95438.91	94989.36	95050.91	86400	0	30
2025.02.22	95050.93	95291.09	95050.93	95187.25	86400	0	30
2025.02.23	95187.27	95254.15	94967.40	95224.60	86338	0	30
2025.02.24	95224.62	95414.69	95099.95	95248.76	86401	0	30
2025.02.25	95248.78	95273.72	94849.93	94866.39	86400	0	30
2025.02.26	94866.41	95061.50	94731.79	94946.59	86400	0	30
2025.02.27	94946.61	95054.82	94861.86	94950.65	86400	0	30
2025.02.28	94950.67	95154.96	94895.91	94941.74	86401	0	30
2025.03.01	94941.76	95101.59	94886.92	94944.61	86400	0	30
2025.03.02	94944.63	95059.69	94751.09	94935.82	86259	0	30
2025.03.03	94935.84	94988.02	94727.80	94795.46	86400	0	30
2025.03.04	94795.48	95094.39	94565.69	95059.55	86401	0	45
2025.03.05	95059.57	95161.34	94912.58	95156.28	86244	0	45
2025.03.06	95156.30	95196.92	94438.53	94488.84	86186	0	45
2025.03.07	94488.86	94493.30	94141.85	94198.36	86401	0	45
2025.03.08	94198.38	94715.72	94198.38	94685.28	86400	0	45
2025.03.09	94685.30	94773.29	94462.38	94743.33	86338	0	45
2025.03.10	94743.35	94873.75	94550.74	94568.30	86400	0	45
2025.03.11	94568.32	94919.02	94498.74	94852.40	86401	0	45
2025.03.12	94852.42	94997.81	94599.46	94603.53	86400	0	45
2025.03.13	94603.55	94899.30	94431.16	94847.23	86400	0	45
2025.03.14	94847.25	95061.94	94787.96	94894.54	86400	0	45
2025.03.15	94894.56	95230.35	94887.27	95141.84	86363	0	45
2025.03.16	95141.86	95331.35	95013.01	95205.60	86390	0	45
2025.03.17	95205.62	95287.62	94877.47	94904.95	86400	0	45
2025.03.18	94904.97	95275.29	94876.97	95194.47	86400	0	45
2025.03.19	95194.49	95546.20	95135.95	95538.28	86376	0	45
2025.03.20	95538.30	95918.41	95474.94	95918.41	86401	0	45
2025.03.21	95918.43	96186.15	95893.55	96186.15	86283	0	45
2025.03.22	96186.17	96212.17	95718.67	95729.73	86400	0	45
2025.03.23	95729.75	95884.48	95329.57	95358.70	86176	0	45
2025.03.24	95358.72	95445.13	95173.02	95296.86	86249	0	45
2025.03.25	95296.88	95442.98	95097.72	95151.76	85952	0	45
2025.03.26	95151.78	95243.95	94981.63	95088.03	86400	0	45
2025.03.27	95088.05	95463.87	95065.02	95182.68	86401	0	45
2025.03.28	95182.70	95263.25	95032.26	95144.23	86400	0	45
2025.03.29	95144.25	95275.76	95040.50	95150.92	86400	0	45
2025.03.30	95150.94	95162.55	94992.62	95029.57	80267	0	45
2025.03.31	95029.59	95410.08	94978.93	95259.53	86400	0	45
2025.04.01	95259.55	95484.84	95164.66	95377.92	86400	0	45
2025.04.02	95377.94	95528.03	95327.05	95528.03	86401	0	45
2025.04.03	95528.05	95729.85	95500.97	95690.56	86400	0	45
2025.04.04	95690.58	95858.30	95559.31	95627.13	86400	0	45
2025.04.05	95627.15	95723.39	95208.02	95303.19	86400	0	45
2025.04.06	95303.21	95547.90	94997.75	95065.87	86339	0	45
2025.04.07	95065.89	95198.80	95030.58	95104.34	86400	0	45
2025.04.08	95104.36	95276.89	95043.04	95209.44	86400	0	45
2025.04.09	95209.46	95278.31	95024.31	95124.53	86400	0	45
2025.04.10	95124.55	95239.93	94917.39	94961.31	86401	0	45
2025.04.11	94961.33	95044.37	94781.68	94888.25	86317	0	45
2025.04.12	94888.27	95002.27	94671.20	94782.05	86400	0	45
2025.04.13	94782.07	95127.20	94782.07	94959.08	86252	0	45
2025.04.14	94959.10	95204.40	94904.11	95154.56	86400	0	45
2025.04.15	95154.58	95169.26	94959.91	95087.35	86330	0	45
2025.04.16	95087.37	95217.59	94823.37	94866.83	86399	0	45
2025.04.17	94866.85	94893.23	94450.26	94486.86	86293	0	45
2025.04.18	94486.88	94908.39	94486.88	94841.95	86400	0	45
2025.04.19	94841.97	94998.16	94820.26	94964.76	86400	0	45
2025.04.20	94964.78	94967.66	94649.84	94936.57	86338	0	45
2025.04.21	94936.59	95033.22	94688.32	94764.83	86401	0	45
2025.04.22	94764.85	94905.78	94715.00	94798.55	86243	0	45
2025.04.23	94798.57	94913.54	94500.60	94532.68	86400	0	45
2025.04.24	94532.70	94646.62	94462.03	94535.95	86400	0	45
2025.04.25	94535.97	94763.98	94532.15	94702.30	86229	0	45
2025.04.26	94702.32	94812.73	94373.57	94417.10	86401	0	45
2025.04.27	94417.12	94592.28	94182.21	94222.99	86338	0	45
2025.04.28	94223.01	94286.57	93996.68	94039.86	86318	0	45
2025.04.29	94039.88	94206.28	94015.34	94180.17	86400	0	45
2025.04.30	94180.19	94391.35	94105.79	94134.85	86400	0	45
2025.05.01	94134.87	94318.79	94069.98	94201.63	86401	0	45
2025.05.02	94201.65	94414.40	94167.77	94267.91	86400	0	45
2025.05.03	94267.93	94386.22	94073.04	94135.06	86400	0	45
2025.05.04	94135.08	94283.00	94013.75	94185.69	86336	0	45
2025.05.05	94185.71	94405.34	94158.84	94353.37	86401	0	45
2025.05.06	94353.39	94459.77	93941.58	94028.46	86400	0	45
2025.05.07	94028.48	94117.07	93727.73	93753.57	86400	0	45
2025.05.08	93753.59	94156.56	93721.52	94109.27	86400	0	45
2025.05.09	94109.29	94490.44	94055.19	94219.16	86401	0	45
2025.05.10	94219.18	94517.39	94189.40	94501.89	86400	0	45
2025.05.11	94501.91	94533.92	94064.17	94125.01	86192	0	45
2025.05.12	94125.03	94358.86	94125.03	94275.54	86401	0	45
2025.05.13	94275.56	94285.20	93991.05	94024.47	86400	0	45
2025.05.14	94024.49	94428.96	94006.43	94404.19	86400	0	45
2025.05.15	94404.21	94497.13	94135.67	94183.65	86400	0	45
2025.05.16	94183.67	94387.27	94171.50	94351.34	86401	0	45
2025.05.17	94351.36	94498.86	94185.29	94270.25	86371	0	45
2025.05.18	94270.27	94832.63	94224.00	94586.10	86338	0	45
2025.05.19	94586.12	94791.56	94455.74	94544.31	86401	0	45
2025.05.20	94544.33	94792.52	94544.33	94590.25	86400	0	45
2025.05.21	94590.27	94869.08	94546.81	94855.36	86400	0	45
2025.05.22	94855.38	94879.90	94609.33	94742.50	86401	0	45
2025.05.23	94742.52	94762.62	94477.91	94524.42	86400	0	45
2025.05.24	94524.44	94587.84	94286.55	94442.07	86400	0	45
2025.05.25	94442.09	94501.76	94261.49	94459.21	86337	0	45
2025.05.26	94459.23	94542.97	94221.69	94526.88	86400	0	45
2025.05.27	94526.90	94536.40	94177.93	94247.40	86344	0	45
2025.05.28	94247.42	94354.76	94061.23	94098.76	86352	0	45
2025.05.29	94098.78	94355.71	93967.68	94296.19	86387	0	45
2025.05.30	94296.21	94325.31	93975.14	93975.34	86276	0	45
2025.05.31	93975.36	94045.14	93751.38	93753.36	86321	0	45
2025.06.01	93753.38	93944.07	93628.75	93923.57	86117	0	45
2025.06.02	93923.59	94017.24	93798.38	93989.31	86400	0	45
2025.06.03	93989.33	93996.22	93627.43	93630.68	86401	0	45
2025.06.04	93630.70	93843.18	93583.38	93667.94	86400	0	45
2025.06.05	93667.96	93779.48	93370.77	93371.41	86400	0	45
2025.06.06	93371.43	93375.39	93068.66	93152.67	86400	0	45
2025.06.07	93152.69	93340.63	93103.21	93165.10	86400	0	45
2025.06.08	93165.12	93450.12	93064.16	93378.71	86400	0	45
2025.06.09	93378.73	93553.96	93219.74	93223.20	86400	0	45
2025.06.10	93223.22	93546.53	93039.77	93513.42	86400	0	45
2025.06.11	93513.44	93964.00	93485.15	93949.74	86400	0	45
2025.06.12	93949.76	93988.22	93677.44	93704.70	86401	0	45
2025.06.13	93704.72	94048.28	93693.82	94041.12	86400	0	45
2025.06.14	94041.14	94271.30	93990.57	94096.80	86400	0	45
2025.06.15	94096.82	94106.76	93887.81	93993.96	85807	0	45
2025.06.16	93993.98	94217.94	93938.82	94196.90	86400	0	45
2025.06.17	94196.92	94396.17	94161.35	94173.47	86400	0	45
2025.06.18	94173.49	94288.64	94002.60	94026.54	86401	0	45
2025.06.19	94026.56	94458.12	93888.53	94454.67	86400	0	45
2025.06.20	94454.69	94581.60	94291.93	94358.39	86400	0	45
2025.06.21	94358.41	94796.99	94358.41	94796.99	86400	0	45
2025.06.22	94797.01	94926.79	94755.86	94801.91	86321	0	45
2025.06.23	94801.93	95025.80	94689.77	94995.32	86400	0	45
2025.06.24	94995.34	95078.05	94680.92	94954.88	86400	0	45
2025.06.25	94954.90	95025.94	94574.68	94602.84	86400	0	45
2025.06.26	94602.86	94920.43	94578.71	94777.36	86400	0	45
2025.06.27	94777.38	94805.82	94503.37	94608.73	86401	0	45
2025.06.28	94608.75	94934.59	94585.58	94684.31	86259	0	45
2025.06.29	94684.33	94932.03	94651.13	94840.91	86318	0	45
2025.06.30	94840.93	94911.19	94675.45	94706.71	86401	0	45
2025.07.01	94706.73	94744.24	94473.73	94520.20	86400	0	45
2025.07.02	94520.22	94641.47	94400.64	94641.47	86400	0	45
2025.07.03	94641.49	94685.86	94467.25	94581.65	86375	0	45
2025.07.04	94581.67	94819.93	94519.98	94668.89	86401	0	45
2025.07.05	94668.91	94883.83	94644.01	94801.19	86393	0	45
2025.07.06	94801.21	94843.05	94321.71	94417.88	86392	0	45
2025.07.07	94417.90	94829.89	94382.45	94817.14	86400	0	45
2025.07.08	94817.16	95025.63	94817.16	94823.62	86400	0	45
2025.07.09	94823.64	95026.52	94664.75	94906.41	86401	0	45
2025.07.10	94906.43	95087.75	94716.91	95079.21	86400	0	45
2025.07.11	95079.23	95158.17	94941.92	95053.52	86400	0	45
2025.07.12	95053.54	95392.80	95053.54	95176.09	86331	0	45
2025.07.13	95176.11	95219.55	94865.57	95003.09	86329	0	45
2025.07.14	95003.11	95023.70	94704.39	94893.48	86401	0	45
2025.07.15	94893.50	94987.56	94766.03	94974.06	86217	0	45
2025.07.16	94974.08	95164.95	94955.30	95011.31	86400	0	45
2025.07.17	95011.33	95265.78	94999.65	95072.26	86401	0	45
2025.07.18	95072.28	95154.29	94902.61	95007.38	86400	0	45
2025.07.19	95007.40	95122.31	94914.81	95053.84	86400	0	45
2025.07.20	95053.86	95159.82	94915.60	94931.32	86399	0	45
2025.07.21	94931.34	95210.13	94928.28	95017.16	86399	0	45
2025.07.22	95017.18	95289.65	94865.35	95250.26	86401	0	45
2025.07.23	95250.28	95252.68	94866.89	94918.69	86400	0	45
2025.07.24	94918.71	95212.85	94791.16	94964.36	86400	0	45
2025.07.25	94964.38	95176.98	94964.38	95110.84	86400	0	45
2025.07.26	95110.86	95302.56	95008.64	95043.60	86401	0	45
2025.07.27	95043.62	95130.96	94883.42	95037.60	86400	0	45
2025.07.28	95037.62	95447.49	95037.62	95398.55	86400	0	45
2025.07.29	95398.57	95537.75	95143.99	95217.85	86400	0	45
2025.07.30	95217.87	95383.91	95112.01	95383.91	86400	0	45
2025.07.31	95383.93	95506.03	95267.10	95484.73	86401	0	45
2025.08.01	95484.75	95641.08	95437.23	95573.36	86400	0	45
2025.08.02	95573.38	95624.44	95214.95	95237.41	86400	0	45
2025.08.03	95237.43	95267.13	95040.81	95083.66	86264	0	45
2025.08.04	95083.68	95105.62	94745.94	94760.95	86399	0	45
2025.08.05	94760.97	94857.75	94606.94	94701.12	86401	0	45
2025.08.06	94701.14	94865.46	94657.86	94741.84	86400	0	45
2025.08.07	94741.86	95046.87	94677.38	95010.54	86400	0	45
2025.08.08	95010.56	95172.66	95005.37	95149.20	86400	0	45
2025.08.09	95149.22	95556.08	95050.30	95556.08	86400	0	45
2025.08.10	95556.10	95598.86	95432.42	95513.13	86338	0	45
2025.08.11	95513.15	95674.76	95392.31	95668.67	86400	0	45
2025.08.12	95668.69	95770.77	95414.68	95741.03	86400	0	45
2025.08.13	95741.05	95902.14	95681.06	95835.81	86400	0	45
2025.08.14	95835.83	96111.25	95816.97	96023.44	86401	0	45
2025.08.15	96023.46	96103.03	95677.69	95756.40	86400	0	45
2025.08.16	95756.42	95885.97	95575.62	95812.94	86388	0	45
2025.08.17	95812.96	96105.43	95726.51	96044.67	86245	0	45
2025.08.18	96044.69	96262.74	95998.12	96192.61	86399	0	45
2025.08.19	96192.63	96256.89	95708.45	95775.46	86401	0	45
2025.08.20	95775.48	96104.94	95713.24	95976.48	86400	0	45
2025.08.21	95976.50	96260.82	95971.31	96215.80	86400	0	45
2025.08.22	96215.82	96303.57	96127.10	96139.06	86400	0	45
2025.08.23	96139.08	96308.16	96032.05	96276.33	86400	0	45
2025.08.24	96276.35	96383.84	96145.46	96190.21	86399	0	45
2025.08.25	96190.23	96650.08	96147.14	96650.08	86401	0	45
2025.08.26	96650.10	96650.14	96187.94	96312.69	86400	0	45
2025.08.27	96312.71	96398.49	96155.58	96214.41	86400	0	45
2025.08.28	96214.43	96518.54	96158.10	96518.54	86400	0	45
2025.08.29	96518.56	96539.60	96127.93	96211.69	86400	0	45
2025.08.30	96211.71	96296.71	96076.77	96139.67	85872	0	45
2025.08.31	96139.69	96176.30	95783.90	95787.16	86371	0	45
2025.09.01	95787.18	95974.07	95650.44	95825.25	86400	0	45
2025.09.02	95825.27	95883.23	95523.13	95540.09	86400	0	45
2025.09.03	95540.11	95798.70	95470.14	95782.49	86400	0	45
2025.09.04	95782.51	95805.61	95371.95	95396.87	86400	0	45
2025.09.05	95396.89	95588.92	95247.70	95566.11	86401	0	45
2025.09.06	95566.13	95640.64	95327.11	95414.56	86400	0	45
2025.09.07	95414.58	95471.24	95221.07	95471.24	86400	0	45
2025.09.08	95471.26	95538.28	95213.64	95373.22	86400	0	45
2025.09.09	95373.24	95459.33	95133.51	95330.67	86400	0	45
2025.09.10	95330.69	95521.39	95062.54	95121.74	86401	0	45
2025.09.11	95121.76	95306.67	95038.64	95065.59	86400	0	45
2025.09.12	95065.61	95233.41	95018.29	95130.07	86400	0	45
2025.09.13	95130.09	95196.22	94596.85	94600.45	75218	0	45
2025.09.14	94600.47	94681.72	94478.33	94543.55	86114	0	45
2025.09.15	94543.57	94659.02	94426.49	94577.46	86400	0	45
2025.09.16	94577.48	94624.18	94284.24	94427.82	86401	0	45
2025.09.17	94427.84	94508.64	94185.45	94193.55	86400	0	45
2025.09.18	94193.57	94564.90	94062.71	94473.34	86401	0	45
2025.09.19	94473.36	94859.00	94372.63	94789.74	86400	0	45
2025.09.20	94789.76	94843.81	94560.06	94718.15	75730	0	45
2025.09.21	94718.17	94888.57	94692.83	94836.52	86146	0	45
2025.09.22	94836.54	94886.82	94481.84	94578.52	86401	0	45
2025.09.23	94578.54	94889.46	94517.73	94766.73	86400	0	45
2025.09.24	94766.75	94774.47	93913.21	93953.61	86400	0	45
2025.09.25	93953.63	94086.08	93862.09	94071.35	86400	0	45
2025.09.26	94071.37	94219.17	94036.15	94204.84	86400	0	45
2025.09.27	94204.86	94205.74	93923.50	94153.26	86388	0	45
2025.09.28	94153.28	94446.80	94032.27	94418.08	86399	0	45
2025.09.29	94418.10	94587.61	94357.28	94476.89	86400	0	45
2025.09.30	94476.91	94559.35	94308.82	94519.75	86400	0	45
2025.10.01	94519.77	94753.40	94477.82	94565.39	86401	0	45
2025.10.02	94565.41	94805.05	94472.28	94805.05	86400	0	45
2025.10.03	94805.07	95075.29	94749.80	94788.25	86400	0	45
2025.10.04	94788.27	95028.55	94771.26	94849.52	85821	0	45
2025.10.05	94849.54	94907.99	94699.47	94790.98	86338	0	45
2025.10.06	94791.00	94885.70	94595.38	94696.16	86398	0	45
2025.10.07	94696.18	94717.57	94421.34	94534.39	86400	0	45
2025.10.08	94534.41	94660.82	94351.07	94490.27	86400	0	45
2025.10.09	94490.29	94543.20	94195.19	94236.63	86401	0	45
2025.10.10	94236.65	94251.50	94050.05	94158.53	86400	0	45
2025.10.11	94158.55	94570.97	94076.98	94481.52	86400	0	45
2025.10.12	94481.54	94855.91	94391.64	94831.67	86261	0	45
2025.10.13	94831.69	94935.04	94654.08	94695.87	86400	0	45
2025.10.14	94695.89	94735.67	94430.80	94581.79	86400	0	45
2025.10.15	94581.81	94623.68	94307.79	94317.74	86401	0	45
2025.10.16	94317.76	94393.40	94137.30	94247.29	86400	0	45
2025.10.17	94247.31	94808.82	94239.31	94634.84	86400	0	45
2025.10.18	94634.86	94988.95	94597.86	94943.25	86400	0	45
2025.10.19	94943.27	95178.98	94901.30	95075.32	85159	0	45
2025.10.20	95075.34	95108.90	94753.51	94791.07	86401	0	45
2025.10.21	94791.09	94866.56	94627.01	94762.42	86400	0	45
2025.10.22	94762.44	95000.58	94714.91	94831.22	86400	0	45
2025.10.23	94831.24	94902.59	94585.53	94626.20	86400	0	45
2025.10.24	94626.22	94758.80	94562.46	94742.98	86400	0	45
2025.10.25	94743.00	94799.56	94552.18	94677.84	86401	0	45
2025.10.26	94677.86	94878.91	94591.34	94878.91	80309	0	45
2025.10.27	94878.93	95242.49	94836.24	95191.60	86401	0	45
2025.10.28	95191.62	95578.32	95191.62	95285.77	86400	0	45
2025.10.29	95285.79	95418.93	95209.42	95395.60	56940	0	45
